133 26 743
191 27 473
232 28 847
83 29 884
78 30 626
84 31 479
53 32 6
228 33 686
63 34 869
52 35 1072
253 36 909
96 37 849
225 38 700
23 39 1056
146 40 1013
176 41 980
92 42 394
95 43 1107
87 44 760
67 45 746
62 46 1016
80 47 711
101 48 785
164 49 1101
36 50 1032
30 51 939
254 52 1096
216 53 1082
25 54 781
153 55 890
107 56 817
110 57 946
90 58 901
170 59 922
137 60 865
136 61 991
179 62 880
73 63 720
109 64 1104
200 65 1021
56 66 1109
204 67 486
168 68 949
10 69 630
187 70 1042
144 71 870
211 72 1071
45 73 708
69 74 745
162 75 1092
108 76 1099
182 77 1122
113 78 1097
233 79 998
44 80 954
82 81 1083
8 82 1093
121 83 816
245 84 1105
7 85 691
184 86 965
28 87 1007
49 88 863
29 89 996
229 90 897
226 91 832
4 92 882
249 93 837
1 94 1087
190 95 461
163 96 1119
215 97 767
81 98 797
31 99 912
166 100 748
68 101 1048
89 102 668
14 103 875
186 104 1068
86 105 803
234 106 914
242 107 1111
27 108 1121
142 109 1041
213 110 84
129 111 937
102 112 960
70 113 1046
135 114 1081
202 115 963
195 116 1054
71 117 1055
132 118 830
26 119 899
250 120 891
2 121 688
106 122 1038
246 123 1008
125 124 544
247 125 994
151 126 842
248 127 917
143 0 990
85 1 1050
77 2 1090
33 3 851
60 4 1098
192 5 765
236 6 1120
171 7 1079
97 8 919
79 9 981
199 10 945
41 11 1036
227 12 886
46 13 1095
189 14 852
43 15 1110
119 16 974
91 17 1019
194 18 1020
117 19 606
122 20 1106
66 21 855
34 22 323
38 23 881
177 24 1059
47 25 1074
